[gd_scene load_steps=3 format=2]

[ext_resource path="res://3dModels-Scenes/Table.tscn" type="PackedScene" id=1]
[ext_resource path="res://3dModels-Scenes/Chair.tscn" type="PackedScene" id=2]

[node name="Spatial" type="Spatial"]

[node name="Spatial" parent="." instance=ExtResource( 1 )]

[node name="Spatial2" parent="." instance=ExtResource( 2 )]
transform = Transform( -7.54983e-09, -0.17272, -0.984971, 1, -4.37114e-08, 0, -4.30544e-08, -0.984971, 0.17272, 2.13301, 0.334415, 0.950007 )

[node name="Spatial3" parent="." instance=ExtResource( 2 )]
transform = Transform( -0.892657, 0, 0.450737, 0, 1, 0, -0.450737, 0, -0.892657, 0, 0, 1.68604 )

[node name="Spatial4" parent="." instance=ExtResource( 2 )]
transform = Transform( 0.909447, 0, 0.415821, 0, 1, 0, -0.415821, 0, 0.909447, 0.255029, 0.0728338, -2.43108 )
